JOint positions
Box Bottom-left (near root, left of robot facing box from robots perspective):
[pose] Current pose:
 Tra: [0.34921784 0.38266821 0.38269491]
 Rot: [[ 0.01061722  0.99852391  0.0532661 ]
 [ 0.99430036 -0.0161937   0.10537814]
 [ 0.10608516  0.05184368 -0.99300462]]
 Qtn: [-0.01883422  0.71060107  0.70110514  0.05606214]
 from franka_tool to world
[joints] Current joints:
 [ 1.7919315  -0.08867811 -0.95422491 -2.29164436 -0.05802898  2.35378953
 -0.68331165]

Box top right:
[pose] Current pose:
 Tra: [ 0.62458445 -0.4499736   0.39713331]
 Rot: [[ 0.99352448 -0.11284827  0.01320516]
 [-0.1123062  -0.99300786 -0.0363691 ]
 [ 0.01721701  0.03465057 -0.99925118]]
 Qtn: [ 0.01778655  0.99822136 -0.05638891  0.00761909]
 from franka_tool to world
[joints] Current joints:
 [-0.37481083  0.85645834 -0.46810734 -0.93757456  0.33448653  1.76177087
 -0.63595889]

Filling cup bottom left (from robots perspective facing box):
[pose] Current pose:
 Tra: [0.40554853 0.29001641 0.29734832]
 Rot: [[ 0.28416801  0.9569156  -0.05967475]
 [ 0.95614914 -0.27823759  0.09144759]
 [ 0.07090387 -0.08304444 -0.99402025]]
 Qtn: [-0.05456687  0.79944134  0.5982505   0.00351155]
 from franka_tool to world
[joints] Current joints:
 [ 1.7061073   0.11976221 -1.08439833 -2.37672908  0.32572465  2.41136475
 -0.90591554]

Filling cup top right
[pose] Current pose:
 Tra: [0.53173756 0.13243991 0.23722938]
 Rot: [[ 0.77873064  0.62492827  0.0551656 ]
 [ 0.62666882 -0.77898328 -0.02170803]
 [ 0.02940712  0.05147527 -0.99824121]]
 Qtn: [0.01940456 0.94286202 0.33186115 0.02242447]
 from franka_tool to world
[joints] Current joints:
 [ 0.84076886  0.35680434 -0.58316929 -2.24159806  0.29343101  2.57094343
 -0.63048027]

Filled cup bottom left (from robots perspective facing box):
[pose] Current pose:
 Tra: [ 0.39036821 -0.25171103  0.25963641]
 Rot: [[ 0.98427304 -0.14985885  0.09353561]
 [-0.13866507 -0.9834637  -0.11649525]
 [ 0.10944672  0.10169301 -0.988777  ]]
 Qtn: [ 0.05484601  0.99454936 -0.0725263   0.05102369]
 from franka_tool to world
[joints] Current joints:
 [ 0.71834227  0.18085409 -1.2435135  -2.55792578  0.29837862  2.74111805
 -0.63048308]

Filled Cup top right:
[pose] Current pose:
 Tra: [ 0.5630294  -0.40351382  0.26423931]
 Rot: [[ 0.98708846 -0.15567724  0.03769578]
 [-0.14175778 -0.95861566 -0.2469023 ]
 [ 0.07457283  0.23837074 -0.96830691]]
 Qtn: [ 0.12264367  0.98919298 -0.07517113  0.02837379]
 from franka_tool to world
[joints] Current joints:
 [-0.06365963  0.71549802 -0.64490759 -1.69151355  0.33401689  2.44225865
 -0.63537637]

